4 8 4
4 19 4
26 19 4
26 16 4
35 16 4
0 0 0
5 8 4
5 18 4
25 18 4
25 16 4
36 16 4
0 0 0
6 8 4
6 19 4
24 19 4
24 15 4
37 15 4
0 0 0
4 7 4
4 20 4
26 20 4
27 15 4
34 15 4
0 0 0
5 7 4
5 21 4
25 21 4
26 15 4
35 15 4
0 0 0
6 7 4
6 20 4
24 20 4
25 15 4
36 15 4
0 0 0
4 6 4
25 6 4
25 13 4
36 13 4
36 13 4
0 0 0
5 6 4
24 5 4
24 14 4
37 14 4
37 14 4
0 0 0
6 6 4
26 5 4
26 13 4
35 13 4
35 13 4
0 0 0
4 5 4
24 4 4
25 14 4
36 14 4
36 14 4
0 0 0
5 5 4
26 4 4
27 14 4
34 14 4
34 14 4
0 0 0
6 5 4
25 3 4
26 14 4
35 14 4
35 14 4
0 0 0